E_norm = 49.999606491366016 <p|p> = 0.057483560219407086
E_norm = 49.999597849564736 <p|p> = 0.057202160358428934
E_norm = 49.99920703459625 <p|p> = 0.058332119509577764
E_norm = 49.99768327381974 <p|p> = 0.058413042053580284
